            1           2           3           4           5           6
    1  -0.8450272   0.0000000  -1.5078549   0.1945848  -0.0000000   0.0339505
    2   0.0000000  -2.5787312  -0.0000000  -0.0000000  -0.0930646  -0.0000000
    3  -1.5078549  -0.0000000  -1.4570043  -0.0339505   0.0000000  -0.1052754
    4   0.1945848  -0.0000000  -0.0339505  -0.8450272   0.0000000   1.5078549
    5  -0.0000000  -0.0930646   0.0000000   0.0000000  -2.5787312   0.0000000
    6   0.0339505  -0.0000000  -0.1052754   1.5078549   0.0000000  -1.4570043
    7   0.6504424  -0.0000000   1.5418055   0.6504424  -0.0000000  -1.5418055
    8  -0.0000000   2.6717958   0.0000000  -0.0000000   2.6717958  -0.0000000
    9   1.4739044   0.0000000   1.5622796  -1.4739044  -0.0000000   1.5622796
            7           8           9
    1   0.6504424  -0.0000000   1.4739044
    2  -0.0000000   2.6717958   0.0000000
    3   1.5418055   0.0000000   1.5622796
    4   0.6504424  -0.0000000  -1.4739044
    5  -0.0000000   2.6717958  -0.0000000
    6  -1.5418055  -0.0000000   1.5622796
    7  -1.3008848   0.0000000   0.0000000
    8   0.0000000  -5.3435917  -0.0000000
    9   0.0000000  -0.0000000  -3.1245593
