            1           2           3           4           5           6
    1  -1.1312976   0.6185447   0.6185447   0.0026718   0.0320233  -0.0060680
    2   0.6185447  -1.1312976   0.6185447   0.0320233   0.0026718  -0.0060680
    3   0.6185447   0.6185447  -1.1312976   0.0060680   0.0060680  -0.0366594
    4   0.0026718   0.0320233   0.0060680  -1.1312976   0.6185447  -0.6185447
    5   0.0320233   0.0026718   0.0060680   0.6185447  -1.1312976  -0.6185447
    6  -0.0060680  -0.0060680  -0.0366594  -0.6185447  -0.6185447  -1.1312976
    7   0.0026718   0.0060680   0.0320233  -0.0366594  -0.0060680   0.0060680
    8  -0.0060680  -0.0366594  -0.0060680   0.0060680   0.0026718  -0.0320233
    9   0.0320233   0.0060680   0.0026718  -0.0060680  -0.0320233   0.0026718
   10  -0.0366594  -0.0060680  -0.0060680   0.0026718   0.0060680  -0.0320233
   11   0.0060680   0.0026718   0.0320233  -0.0060680  -0.0366594   0.0060680
   12   0.0060680   0.0320233   0.0026718  -0.0320233  -0.0060680   0.0026718
   13   1.1626135  -0.6505681  -0.6505681   1.1626135  -0.6505681   0.6505681
   14  -0.6505681   1.1626135  -0.6505681  -0.6505681   1.1626135   0.6505681
   15  -0.6505681  -0.6505681   1.1626135   0.6505681   0.6505681   1.1626135
            7           8           9          10          11          12
    1   0.0026718  -0.0060680   0.0320233  -0.0366594   0.0060680   0.0060680
    2   0.0060680  -0.0366594   0.0060680  -0.0060680   0.0026718   0.0320233
    3   0.0320233  -0.0060680   0.0026718  -0.0060680   0.0320233   0.0026718
    4  -0.0366594   0.0060680  -0.0060680   0.0026718  -0.0060680  -0.0320233
    5  -0.0060680   0.0026718  -0.0320233   0.0060680  -0.0366594  -0.0060680
    6   0.0060680  -0.0320233   0.0026718  -0.0320233   0.0060680   0.0026718
    7  -1.1312976  -0.6185447   0.6185447   0.0026718  -0.0320233  -0.0060680
    8  -0.6185447  -1.1312976  -0.6185447  -0.0320233   0.0026718   0.0060680
    9   0.6185447  -0.6185447  -1.1312976   0.0060680  -0.0060680  -0.0366594
   10   0.0026718  -0.0320233   0.0060680  -1.1312976  -0.6185447  -0.6185447
   11  -0.0320233   0.0026718  -0.0060680  -0.6185447  -1.1312976   0.6185447
   12  -0.0060680   0.0060680  -0.0366594  -0.6185447   0.6185447  -1.1312976
   13   1.1626135   0.6505681  -0.6505681   1.1626135   0.6505681   0.6505681
   14   0.6505681   1.1626135   0.6505681   0.6505681   1.1626135  -0.6505681
   15  -0.6505681   0.6505681   1.1626135   0.6505681  -0.6505681   1.1626135
           13          14          15
    1   1.1626135  -0.6505681  -0.6505681
    2  -0.6505681   1.1626135  -0.6505681
    3  -0.6505681  -0.6505681   1.1626135
    4   1.1626135  -0.6505681   0.6505681
    5  -0.6505681   1.1626135   0.6505681
    6   0.6505681   0.6505681   1.1626135
    7   1.1626135   0.6505681  -0.6505681
    8   0.6505681   1.1626135   0.6505681
    9  -0.6505681   0.6505681   1.1626135
   10   1.1626135   0.6505681   0.6505681
   11   0.6505681   1.1626135  -0.6505681
   12   0.6505681  -0.6505681   1.1626135
   13  -4.6504542  -0.0000000  -0.0000000
   14  -0.0000000  -4.6504542  -0.0000000
   15  -0.0000000  -0.0000000  -4.6504542
