            1           2           3           4           5           6
    1   0.0397404  -0.0000000   0.2471497  -0.0497389  -0.0000000  -0.0325675
    2  -0.0000000   0.3183477   0.0000000  -0.0000000   0.0254218   0.0000000
    3   0.2471497   0.0000000   0.1498611   0.0325675  -0.0000000   0.0221048
    4  -0.0497389  -0.0000000   0.0325675   0.0397404  -0.0000000  -0.2471497
    5  -0.0000000   0.0254218  -0.0000000  -0.0000000   0.3183477  -0.0000000
    6  -0.0325675   0.0000000   0.0221048  -0.2471497  -0.0000000   0.1498611
    7   0.0099984   0.0000000  -0.2797172   0.0099984   0.0000000   0.2797172
    8   0.0000000  -0.3437695  -0.0000000   0.0000000  -0.3437695   0.0000000
    9  -0.2145823  -0.0000000  -0.1719659   0.2145823   0.0000000  -0.1719659
            7           8           9
    1   0.0099984   0.0000000  -0.2145823
    2   0.0000000  -0.3437695  -0.0000000
    3  -0.2797172  -0.0000000  -0.1719659
    4   0.0099984   0.0000000   0.2145823
    5   0.0000000  -0.3437695   0.0000000
    6   0.2797172   0.0000000  -0.1719659
    7  -0.0199969  -0.0000000   0.0000000
    8  -0.0000000   0.6875390   0.0000000
    9   0.0000000   0.0000000   0.3439318
