#######################################################################
# this is a case that HF failed due to huge memory required.
# We need to take a look of this case for investigating SCF problem.
#######################################################################

%molecule
-13 2
      F     -8.056000    -2.014000    -2.014000 
     Li     -8.056000    -2.014000     0.000000 
      F     -8.056000    -2.014000     2.014000 
     Li     -8.056000     0.000000    -2.014000 
      F     -8.056000     0.000000     0.000000 
     Li     -8.056000     0.000000     2.014000 
      F     -8.056000     2.014000    -2.014000 
     Li     -8.056000     2.014000     0.000000 
      F     -8.056000     2.014000     2.014000 
      F     -6.042000    -6.042000     0.000000 
     Li     -6.042000    -4.028000    -4.028000 
      F     -6.042000    -4.028000    -2.014000 
     Li     -6.042000    -4.028000     0.000000 
      F     -6.042000    -4.028000     2.014000 
     Li     -6.042000    -4.028000     4.028000 
      F     -6.042000    -2.014000    -4.028000 
     Li     -6.042000    -2.014000    -2.014000 
      F     -6.042000    -2.014000     0.000000 
     Li     -6.042000    -2.014000     2.014000 
      F     -6.042000    -2.014000     4.028000 
      F     -6.042000     0.000000    -6.042000 
     Li     -6.042000     0.000000    -4.028000 
      F     -6.042000     0.000000    -2.014000 
     Li     -6.042000     0.000000     0.000000 
      F     -6.042000     0.000000     2.014000 
     Li     -6.042000     0.000000     4.028000 
      F     -6.042000     0.000000     6.042000 
      F     -6.042000     2.014000    -4.028000 
     Li     -6.042000     2.014000    -2.014000 
      F     -6.042000     2.014000     0.000000 
     Li     -6.042000     2.014000     2.014000 
      F     -6.042000     2.014000     4.028000 
     Li     -6.042000     4.028000    -4.028000 
      F     -6.042000     4.028000    -2.014000 
     Li     -6.042000     4.028000     0.000000 
      F     -6.042000     4.028000     2.014000 
     Li     -6.042000     4.028000     4.028000 
      F     -6.042000     6.042000     0.000000 
     Li     -4.028000    -6.042000    -4.028000 
      F     -4.028000    -6.042000    -2.014000 
     Li     -4.028000    -6.042000     0.000000 
      F     -4.028000    -6.042000     2.014000 
     Li     -4.028000    -6.042000     4.028000 
     Li     -4.028000    -4.028000    -6.042000 
      F     -4.028000    -4.028000    -4.028000 
     Li     -4.028000    -4.028000    -2.014000 
      F     -4.028000    -4.028000     0.000000 
     Li     -4.028000    -4.028000     2.014000 
      F     -4.028000    -4.028000     4.028000 
     Li     -4.028000    -4.028000     6.042000 
      F     -4.028000    -2.014000    -6.042000 
     Li     -4.028000    -2.014000    -4.028000 
      F     -4.028000    -2.014000    -2.014000 
     Li     -4.028000    -2.014000     0.000000 
      F     -4.028000    -2.014000     2.014000 
     Li     -4.028000    -2.014000     4.028000 
      F     -4.028000    -2.014000     6.042000 
     Li     -4.028000     0.000000    -6.042000 
      F     -4.028000     0.000000    -4.028000 
     Li     -4.028000     0.000000    -2.014000 
      F     -4.028000     0.000000     0.000000 
     Li     -4.028000     0.000000     2.014000 
      F     -4.028000     0.000000     4.028000 
     Li     -4.028000     0.000000     6.042000 
      F     -4.028000     2.014000    -6.042000 
     Li     -4.028000     2.014000    -4.028000 
      F     -4.028000     2.014000    -2.014000 
     Li     -4.028000     2.014000     0.000000 
      F     -4.028000     2.014000     2.014000 
     Li     -4.028000     2.014000     4.028000 
      F     -4.028000     2.014000     6.042000 
     Li     -4.028000     4.028000    -6.042000 
      F     -4.028000     4.028000    -4.028000 
     Li     -4.028000     4.028000    -2.014000 
      F     -4.028000     4.028000     0.000000 
     Li     -4.028000     4.028000     2.014000 
      F     -4.028000     4.028000     4.028000 
     Li     -4.028000     4.028000     6.042000 
     Li     -4.028000     6.042000    -4.028000 
      F     -4.028000     6.042000    -2.014000 
     Li     -4.028000     6.042000     0.000000 
      F     -4.028000     6.042000     2.014000 
     Li     -4.028000     6.042000     4.028000 
      F     -2.014000    -8.056000    -2.014000 
     Li     -2.014000    -8.056000     0.000000 
      F     -2.014000    -8.056000     2.014000 
      F     -2.014000    -6.042000    -4.028000 
     Li     -2.014000    -6.042000    -2.014000 
      F     -2.014000    -6.042000     0.000000 
     Li     -2.014000    -6.042000     2.014000 
      F     -2.014000    -6.042000     4.028000 
      F     -2.014000    -4.028000    -6.042000 
     Li     -2.014000    -4.028000    -4.028000 
      F     -2.014000    -4.028000    -2.014000 
     Li     -2.014000    -4.028000     0.000000 
      F     -2.014000    -4.028000     2.014000 
     Li     -2.014000    -4.028000     4.028000 
      F     -2.014000    -4.028000     6.042000 
      F     -2.014000    -2.014000    -8.056000 
     Li     -2.014000    -2.014000    -6.042000 
      F     -2.014000    -2.014000    -4.028000 
     Li     -2.014000    -2.014000    -2.014000 
      F     -2.014000    -2.014000     0.000000 
     Li     -2.014000    -2.014000     2.014000 
      F     -2.014000    -2.014000     4.028000 
     Li     -2.014000    -2.014000     6.042000 
      F     -2.014000    -2.014000     8.056000 
     Li     -2.014000     0.000000    -8.056000 
      F     -2.014000     0.000000    -6.042000 
     Li     -2.014000     0.000000    -4.028000 
      F     -2.014000     0.000000    -2.014000 
     Li     -2.014000     0.000000     0.000000 
      F     -2.014000     0.000000     2.014000 
     Li     -2.014000     0.000000     4.028000 
      F     -2.014000     0.000000     6.042000 
     Li     -2.014000     0.000000     8.056000 
      F     -2.014000     2.014000    -8.056000 
     Li     -2.014000     2.014000    -6.042000 
      F     -2.014000     2.014000    -4.028000 
     Li     -2.014000     2.014000    -2.014000 
      F     -2.014000     2.014000     0.000000 
     Li     -2.014000     2.014000     2.014000 
      F     -2.014000     2.014000     4.028000 
     Li     -2.014000     2.014000     6.042000 
      F     -2.014000     2.014000     8.056000 
      F     -2.014000     4.028000    -6.042000 
     Li     -2.014000     4.028000    -4.028000 
      F     -2.014000     4.028000    -2.014000 
     Li     -2.014000     4.028000     0.000000 
      F     -2.014000     4.028000     2.014000 
     Li     -2.014000     4.028000     4.028000 
      F     -2.014000     4.028000     6.042000 
      F     -2.014000     6.042000    -4.028000 
     Li     -2.014000     6.042000    -2.014000 
      F     -2.014000     6.042000     0.000000 
     Li     -2.014000     6.042000     2.014000 
      F     -2.014000     6.042000     4.028000 
      F     -2.014000     8.056000    -2.014000 
     Li     -2.014000     8.056000     0.000000 
      F     -2.014000     8.056000     2.014000 
     Li      0.000000    -8.056000    -2.014000 
      F      0.000000    -8.056000     0.000000 
     Li      0.000000    -8.056000     2.014000 
      F      0.000000    -6.042000    -6.042000 
     Li      0.000000    -6.042000    -4.028000 
      F      0.000000    -6.042000    -2.014000 
     Li      0.000000    -6.042000     0.000000 
      F      0.000000    -6.042000     2.014000 
     Li      0.000000    -6.042000     4.028000 
      F      0.000000    -6.042000     6.042000 
     Li      0.000000    -4.028000    -6.042000 
      F      0.000000    -4.028000    -4.028000 
     Li      0.000000    -4.028000    -2.014000 
      F      0.000000    -4.028000     0.000000 
     Li      0.000000    -4.028000     2.014000 
      F      0.000000    -4.028000     4.028000 
     Li      0.000000    -4.028000     6.042000 
     Li      0.000000    -2.014000    -8.056000 
      F      0.000000    -2.014000    -6.042000 
     Li      0.000000    -2.014000    -4.028000 
      F      0.000000    -2.014000    -2.014000 
     Li      0.000000    -2.014000     0.000000 
      F      0.000000    -2.014000     2.014000 
     Li      0.000000    -2.014000     4.028000 
      F      0.000000    -2.014000     6.042000 
     Li      0.000000    -2.014000     8.056000 
      F      0.000000     0.000000    -8.056000 
     Li      0.000000     0.000000    -6.042000 
      F      0.000000     0.000000    -4.028000 
     Li      0.000000     0.000000    -2.014000 
     Li      0.000000     0.000000     2.014000 
      F      0.000000     0.000000     4.028000 
     Li      0.000000     0.000000     6.042000 
      F      0.000000     0.000000     8.056000 
     Li      0.000000     2.014000    -8.056000 
      F      0.000000     2.014000    -6.042000 
     Li      0.000000     2.014000    -4.028000 
      F      0.000000     2.014000    -2.014000 
     Li      0.000000     2.014000     0.000000 
      F      0.000000     2.014000     2.014000 
     Li      0.000000     2.014000     4.028000 
      F      0.000000     2.014000     6.042000 
     Li      0.000000     2.014000     8.056000 
     Li      0.000000     4.028000    -6.042000 
      F      0.000000     4.028000    -4.028000 
     Li      0.000000     4.028000    -2.014000 
      F      0.000000     4.028000     0.000000 
     Li      0.000000     4.028000     2.014000 
      F      0.000000     4.028000     4.028000 
     Li      0.000000     4.028000     6.042000 
      F      0.000000     6.042000    -6.042000 
     Li      0.000000     6.042000    -4.028000 
      F      0.000000     6.042000    -2.014000 
     Li      0.000000     6.042000     0.000000 
      F      0.000000     6.042000     2.014000 
     Li      0.000000     6.042000     4.028000 
      F      0.000000     6.042000     6.042000 
     Li      0.000000     8.056000    -2.014000 
      F      0.000000     8.056000     0.000000 
     Li      0.000000     8.056000     2.014000 
      F      2.014000    -8.056000    -2.014000 
     Li      2.014000    -8.056000     0.000000 
      F      2.014000    -8.056000     2.014000 
      F      2.014000    -6.042000    -4.028000 
     Li      2.014000    -6.042000    -2.014000 
      F      2.014000    -6.042000     0.000000 
     Li      2.014000    -6.042000     2.014000 
      F      2.014000    -6.042000     4.028000 
      F      2.014000    -4.028000    -6.042000 
     Li      2.014000    -4.028000    -4.028000 
      F      2.014000    -4.028000    -2.014000 
     Li      2.014000    -4.028000     0.000000 
      F      2.014000    -4.028000     2.014000 
     Li      2.014000    -4.028000     4.028000 
      F      2.014000    -4.028000     6.042000 
      F      2.014000    -2.014000    -8.056000 
     Li      2.014000    -2.014000    -6.042000 
      F      2.014000    -2.014000    -4.028000 
     Li      2.014000    -2.014000    -2.014000 
      F      2.014000    -2.014000     0.000000 
     Li      2.014000    -2.014000     2.014000 
      F      2.014000    -2.014000     4.028000 
     Li      2.014000    -2.014000     6.042000 
      F      2.014000    -2.014000     8.056000 
     Li      2.014000     0.000000    -8.056000 
      F      2.014000     0.000000    -6.042000 
     Li      2.014000     0.000000    -4.028000 
      F      2.014000     0.000000    -2.014000 
     Li      2.014000     0.000000     0.000000 
      F      2.014000     0.000000     2.014000 
     Li      2.014000     0.000000     4.028000 
      F      2.014000     0.000000     6.042000 
     Li      2.014000     0.000000     8.056000 
      F      2.014000     2.014000    -8.056000 
     Li      2.014000     2.014000    -6.042000 
      F      2.014000     2.014000    -4.028000 
     Li      2.014000     2.014000    -2.014000 
      F      2.014000     2.014000     0.000000 
     Li      2.014000     2.014000     2.014000 
      F      2.014000     2.014000     4.028000 
     Li      2.014000     2.014000     6.042000 
      F      2.014000     2.014000     8.056000 
      F      2.014000     4.028000    -6.042000 
     Li      2.014000     4.028000    -4.028000 
      F      2.014000     4.028000    -2.014000 
     Li      2.014000     4.028000     0.000000 
      F      2.014000     4.028000     2.014000 
     Li      2.014000     4.028000     4.028000 
      F      2.014000     4.028000     6.042000 
      F      2.014000     6.042000    -4.028000 
     Li      2.014000     6.042000    -2.014000 
      F      2.014000     6.042000     0.000000 
     Li      2.014000     6.042000     2.014000 
      F      2.014000     6.042000     4.028000 
      F      2.014000     8.056000    -2.014000 
     Li      2.014000     8.056000     0.000000 
      F      2.014000     8.056000     2.014000 
     Li      4.028000    -6.042000    -4.028000 
      F      4.028000    -6.042000    -2.014000 
     Li      4.028000    -6.042000     0.000000 
      F      4.028000    -6.042000     2.014000 
     Li      4.028000    -6.042000     4.028000 
     Li      4.028000    -4.028000    -6.042000 
      F      4.028000    -4.028000    -4.028000 
     Li      4.028000    -4.028000    -2.014000 
      F      4.028000    -4.028000     0.000000 
     Li      4.028000    -4.028000     2.014000 
      F      4.028000    -4.028000     4.028000 
     Li      4.028000    -4.028000     6.042000 
      F      4.028000    -2.014000    -6.042000 
     Li      4.028000    -2.014000    -4.028000 
      F      4.028000    -2.014000    -2.014000 
     Li      4.028000    -2.014000     0.000000 
      F      4.028000    -2.014000     2.014000 
     Li      4.028000    -2.014000     4.028000 
      F      4.028000    -2.014000     6.042000 
     Li      4.028000     0.000000    -6.042000 
      F      4.028000     0.000000    -4.028000 
     Li      4.028000     0.000000    -2.014000 
      F      4.028000     0.000000     0.000000 
     Li      4.028000     0.000000     2.014000 
      F      4.028000     0.000000     4.028000 
     Li      4.028000     0.000000     6.042000 
      F      4.028000     2.014000    -6.042000 
     Li      4.028000     2.014000    -4.028000 
      F      4.028000     2.014000    -2.014000 
     Li      4.028000     2.014000     0.000000 
      F      4.028000     2.014000     2.014000 
     Li      4.028000     2.014000     4.028000 
      F      4.028000     2.014000     6.042000 
     Li      4.028000     4.028000    -6.042000 
      F      4.028000     4.028000    -4.028000 
     Li      4.028000     4.028000    -2.014000 
      F      4.028000     4.028000     0.000000 
     Li      4.028000     4.028000     2.014000 
      F      4.028000     4.028000     4.028000 
     Li      4.028000     4.028000     6.042000 
     Li      4.028000     6.042000    -4.028000 
      F      4.028000     6.042000    -2.014000 
     Li      4.028000     6.042000     0.000000 
      F      4.028000     6.042000     2.014000 
     Li      4.028000     6.042000     4.028000 
      F      6.042000    -6.042000     0.000000 
     Li      6.042000    -4.028000    -4.028000 
      F      6.042000    -4.028000    -2.014000 
     Li      6.042000    -4.028000     0.000000 
      F      6.042000    -4.028000     2.014000 
     Li      6.042000    -4.028000     4.028000 
      F      6.042000    -2.014000    -4.028000 
     Li      6.042000    -2.014000    -2.014000 
      F      6.042000    -2.014000     0.000000 
     Li      6.042000    -2.014000     2.014000 
      F      6.042000    -2.014000     4.028000 
      F      6.042000     0.000000    -6.042000 
     Li      6.042000     0.000000    -4.028000 
      F      6.042000     0.000000    -2.014000 
     Li      6.042000     0.000000     0.000000 
      F      6.042000     0.000000     2.014000 
     Li      6.042000     0.000000     4.028000 
      F      6.042000     0.000000     6.042000 
      F      6.042000     2.014000    -4.028000 
     Li      6.042000     2.014000    -2.014000 
      F      6.042000     2.014000     0.000000 
     Li      6.042000     2.014000     2.014000 
      F      6.042000     2.014000     4.028000 
     Li      6.042000     4.028000    -4.028000 
      F      6.042000     4.028000    -2.014000 
     Li      6.042000     4.028000     0.000000 
      F      6.042000     4.028000     2.014000 
     Li      6.042000     4.028000     4.028000 
      F      6.042000     6.042000     0.000000 
      F      8.056000    -2.014000    -2.014000 
     Li      8.056000    -2.014000     0.000000 
      F      8.056000    -2.014000     2.014000 
     Li      8.056000     0.000000    -2.014000 
      F      8.056000     0.000000     0.000000 
     Li      8.056000     0.000000     2.014000 
      F      8.056000     2.014000    -2.014000 
     Li      8.056000     2.014000     0.000000 
      F      8.056000     2.014000     2.014000
%end

%basis
Li     0 
S   6   1.00
    900.4600000              0.00228704       
    134.4330000              0.0176350        
     30.4365000              0.0873434        
      8.6263900              0.2809770        
      2.4833200              0.6587410        
      0.3031790              0.1187120        
SP   3   1.00
      4.8689000              0.0933293              0.0327661        
      0.8569240              0.9430450              0.1597920        
      0.2432270             -0.00279827             0.8856670        
SP   1   1.00
      0.0635070              1.0000000              1.0000000        
SP   1   1.00
      0.0243683              1.0000000              1.0000000
****
F     0 
S   6   1.00
  11427.1000000              0.00180093       
   1722.3500000              0.0137419        
    395.7460000              0.0681334        
    115.1390000              0.2333250        
     33.6026000              0.5890860        
      4.9190100              0.2995050        
SP   3   1.00
     55.4441000              0.1145360              0.0354609        
     12.6323000              0.9205120              0.2374510        
      3.7175600             -0.00337804             0.8204580        
SP   1   1.00
      1.1654500              1.0000000              1.0000000        
SP   1   1.00
      0.3218920              1.0000000              1.0000000
%end

%xcfunc
name = HF
%end

%scf
max_scf_cycles   200
%end

%gints
gints4d_threshold  1.0E-12
%end

