%global_infor
multi_threads  true
%end

#
# atom energy result
# C   -37.8590608515
# H   -0.5022596757
# O   -75.0941778508
# end
#
%molecule
0  2
C       0.000000     0.000000     0.000000
C       0.000000     0.000000     1.553804
O       1.314189     0.000000     1.943944
H      -0.535234     0.901564     1.898986
H      -0.535234    -0.901564     1.898986
H      -1.037532     0.000000    -0.349155
H       0.507995     0.890187    -0.379486
H       0.507995    -0.890187    -0.379486
%end

#aug-ccpvtz
%basis
H     0 
S   3   1.00
     33.8700000              0.0060680        
      5.0950000              0.0453080        
      1.1590000              0.2028220        
S   1   1.00
      0.3258000              1.0000000        
S   1   1.00
      0.1027000              1.0000000        
S   1   1.00
      0.0252600              1.0000000        
P   1   1.00
      1.4070000              1.0000000        
P   1   1.00
      0.3880000              1.0000000        
P   1   1.00
      0.1020000              1.0000000        
D   1   1.00
      1.0570000              1.0000000        
D   1   1.00
      0.2470000              1.0000000        
****
C     0 
S   8   1.00
   8236.0000000              0.0005310        
   1235.0000000              0.0041080        
    280.8000000              0.0210870        
     79.2700000              0.0818530        
     25.5900000              0.2348170        
      8.9970000              0.4344010        
      3.3190000              0.3461290        
      0.3643000             -0.0089830        
S   8   1.00
   8236.0000000             -0.0001130        
   1235.0000000             -0.0008780        
    280.8000000             -0.0045400        
     79.2700000             -0.0181330        
     25.5900000             -0.0557600        
      8.9970000             -0.1268950        
      3.3190000             -0.1703520        
      0.3643000              0.5986840        
S   1   1.00
      0.9059000              1.0000000        
S   1   1.00
      0.1285000              1.0000000        
S   1   1.00
      0.0440200              1.0000000        
P   3   1.00
     18.7100000              0.0140310        
      4.1330000              0.0868660        
      1.2000000              0.2902160        
P   1   1.00
      0.3827000              1.0000000        
P   1   1.00
      0.1209000              1.0000000        
P   1   1.00
      0.0356900              1.0000000        
D   1   1.00
      1.0970000              1.0000000        
D   1   1.00
      0.3180000              1.0000000        
D   1   1.00
      0.1000000              1.0000000        
F   1   1.00
      0.7610000              1.0000000        
F   1   1.00
      0.2680000              1.0000000        
****
O     0 
S   8   1.00
  15330.0000000              0.0005080        
   2299.0000000              0.0039290        
    522.4000000              0.0202430        
    147.3000000              0.0791810        
     47.5500000              0.2306870        
     16.7600000              0.4331180        
      6.2070000              0.3502600        
      0.6882000             -0.0081540        
S   8   1.00
  15330.0000000             -0.0001150        
   2299.0000000             -0.0008950        
    522.4000000             -0.0046360        
    147.3000000             -0.0187240        
     47.5500000             -0.0584630        
     16.7600000             -0.1364630        
      6.2070000             -0.1757400        
      0.6882000              0.6034180        
S   1   1.00
      1.7520000              1.0000000        
S   1   1.00
      0.2384000              1.0000000        
S   1   1.00
      0.0737600              1.0000000        
P   3   1.00
     34.4600000              0.0159280        
      7.7490000              0.0997400        
      2.2800000              0.3104920        
P   1   1.00
      0.7156000              1.0000000        
P   1   1.00
      0.2140000              1.0000000        
P   1   1.00
      0.0597400              1.0000000        
D   1   1.00
      2.3140000              1.0000000        
D   1   1.00
      0.6450000              1.0000000        
D   1   1.00
      0.2140000              1.0000000        
F   1   1.00
      1.4280000              1.0000000        
F   1   1.00
      0.5000000              1.0000000        
%end

%atomdenmtrx
scf_method  B3LYP
scf_debug   true
%end

%xcfunc
name  B3LYP
%end

%xcints
grid_points  128  302
threshold   1.0e-12
%end

