                 1            2            3            4            5            6 
1        0.0027648   -0.0006472    0.0001956    0.0007965    0.0002336    0.0014408 
2       -0.0006472    0.0002100   -0.0000891   -0.0003626   -0.0000944   -0.0005697 
3        0.0001956   -0.0000891    0.0000740    0.0001801    0.0000449    0.0001444 
4        0.0007965   -0.0003626    0.0001801    0.0007631    0.0001827    0.0011760 
5        0.0002336   -0.0000944    0.0000449    0.0001827    0.0000568    0.0002140 
6        0.0014408   -0.0005697    0.0001444    0.0011760    0.0002140    0.0027647 
7       -0.0005697    0.0002055   -0.0000861   -0.0003848   -0.0000933   -0.0006471 
8        0.0007520   -0.0002788    0.0001652    0.0005151    0.0001381    0.0005919 
9       -0.0009156    0.0002788   -0.0001259   -0.0004481   -0.0001354   -0.0005676 
10       0.0002140   -0.0000933    0.0000441    0.0001883    0.0000565    0.0002336 
11       0.0014408   -0.0005697    0.0004169    0.0011091    0.0002140    0.0014407 
12      -0.0005697    0.0002055   -0.0001020   -0.0003809   -0.0000933   -0.0005697 
13      -0.0010907    0.0003763   -0.0001262   -0.0006834   -0.0001851   -0.0011690 
14      -0.0004630    0.0001179   -0.0000423   -0.0001566   -0.0000560   -0.0001935 
15       0.0002140   -0.0000933    0.0000482    0.0001873    0.0000565    0.0002140 
16      -0.0165890    0.0090879   -0.0048190   -0.0196186   -0.0068868   -0.0165883 
17       0.0176942   -0.0042988    0.0014933    0.0060792    0.0003993    0.0176939 
18       0.0066056   -0.0022553    0.0009972    0.0040596    0.0009866    0.0066054 
19      -0.0070070    0.0004099    0.0055357    0.0005824   -0.0001040   -0.0212009 
20      -0.0285259    0.0016683    0.0005825    0.0077638   -0.0004231    0.0203307 
21      -0.0334431    0.0099631   -0.0040650   -0.0165488   -0.0031215   -0.0334424 
22      -0.0000374    0.0000022    0.0000295    0.0000031   -0.0000006   -0.0001130 
23      -0.0001520    0.0000089    0.0000031    0.0000414   -0.0000023    0.0001084 
24      -0.0002294    0.0000702   -0.0000292   -0.0001188   -0.0000239   -0.0002294 
25       0.0002602   -0.0000152    0.0000720   -0.0000898    0.0000039   -0.0005611 
26       0.0011421   -0.0000668   -0.0000233   -0.0003108    0.0000169   -0.0008140 
27       0.0009321   -0.0003145    0.0001382    0.0005626    0.0001344    0.0009321 
28       0.0002806   -0.0000164   -0.0002216   -0.0000233    0.0000042    0.0008488 
29      -0.0004977    0.0000291    0.0000783    0.0001187   -0.0000074    0.0000235 
                 7            8            9           10           11           12 
1       -0.0005697    0.0007520   -0.0009156    0.0002140    0.0014408   -0.0005697 
2        0.0002055   -0.0002788    0.0002788   -0.0000933   -0.0005697    0.0002055 
3       -0.0000861    0.0001652   -0.0001259    0.0000441    0.0004169   -0.0001020 
4       -0.0003848    0.0005151   -0.0004481    0.0001883    0.0011091   -0.0003809 
5       -0.0000933    0.0001381   -0.0001354    0.0000565    0.0002140   -0.0000933 
6       -0.0006471    0.0005919   -0.0005676    0.0002336    0.0014407   -0.0005697 
7        0.0002100   -0.0002695    0.0002584   -0.0000944   -0.0005697    0.0002055 
8       -0.0002695    0.0004348   -0.0003885    0.0001358    0.0009463   -0.0002902 
9        0.0002584   -0.0003885    0.0004023   -0.0001302   -0.0007130    0.0002669 
10      -0.0000944    0.0001358   -0.0001302    0.0000568    0.0002140   -0.0000933 
11      -0.0005697    0.0009463   -0.0007130    0.0002140    0.0027648   -0.0006472 
12       0.0002055   -0.0002902    0.0002669   -0.0000933   -0.0006472    0.0002100 
13       0.0003808   -0.0004633    0.0004888   -0.0001863   -0.0007876    0.0003585 
14       0.0001021   -0.0001523    0.0001804   -0.0000520   -0.0002288    0.0001042 
15      -0.0000933    0.0001410   -0.0001324    0.0000565    0.0002336   -0.0000944 
16       0.0090880   -0.0145805    0.0139822   -0.0068865   -0.0165891    0.0090879 
17      -0.0042987    0.0045181   -0.0043328    0.0003993    0.0176942   -0.0042988 
18      -0.0022553    0.0030171   -0.0028933    0.0009866    0.0066056   -0.0022553 
19       0.0012398    0.0067022   -0.0012558   -0.0003146    0.0282075   -0.0016496 
20      -0.0011889   -0.0012560    0.0065970    0.0003016    0.0081948   -0.0004793 
21       0.0099630   -0.0122992    0.0117945   -0.0031214   -0.0334433    0.0099631 
22       0.0000066    0.0000357   -0.0000067   -0.0000017    0.0001503   -0.0000088 
23      -0.0000063   -0.0000067    0.0000352    0.0000016    0.0000437   -0.0000026 
24       0.0000702   -0.0000883    0.0000846   -0.0000239   -0.0002294    0.0000702 
25       0.0000328    0.0001120   -0.0001014   -0.0000083    0.0003009   -0.0000176 
26       0.0000476    0.0000503   -0.0002641   -0.0000121   -0.0003281    0.0000192 
27      -0.0003145    0.0004181   -0.0004009    0.0001344    0.0009322   -0.0003145 
28      -0.0000496   -0.0002683    0.0000503    0.0000126   -0.0011293    0.0000660 
29      -0.0000014    0.0000667    0.0000787    0.0000003    0.0004742   -0.0000277 
                13           14           15           16           17           18 
1       -0.0010907   -0.0004630    0.0002140   -0.0165890    0.0176942    0.0066056 
2        0.0003763    0.0001179   -0.0000933    0.0090879   -0.0042988   -0.0022553 
3       -0.0001262   -0.0000423    0.0000482   -0.0048190    0.0014933    0.0009972 
4       -0.0006834   -0.0001566    0.0001873   -0.0196186    0.0060792    0.0040596 
5       -0.0001851   -0.0000560    0.0000565   -0.0068868    0.0003993    0.0009866 
6       -0.0011690   -0.0001935    0.0002140   -0.0165883    0.0176939    0.0066054 
7        0.0003808    0.0001021   -0.0000933    0.0090880   -0.0042987   -0.0022553 
8       -0.0004633   -0.0001523    0.0001410   -0.0145805    0.0045181    0.0030171 
9        0.0004888    0.0001804   -0.0001324    0.0139822   -0.0043328   -0.0028933 
10      -0.0001863   -0.0000520    0.0000565   -0.0068865    0.0003993    0.0009866 
11      -0.0007876   -0.0002288    0.0002336   -0.0165891    0.0176942    0.0066056 
12       0.0003585    0.0001042   -0.0000944    0.0090879   -0.0042988   -0.0022553 
13       0.0007469    0.0002083   -0.0001806    0.0193998   -0.0060114   -0.0040143 
14       0.0002083    0.0000903   -0.0000525    0.0056361   -0.0017464   -0.0011663 
15      -0.0001806   -0.0000525    0.0000568   -0.0068869    0.0003993    0.0009866 
16       0.0193998    0.0056361   -0.0068869    0.9406344    0.1130881   -0.0923932 
17      -0.0060114   -0.0017464    0.0003993    0.1130881    0.2574655    0.0505277 
18      -0.0040143   -0.0011663    0.0009866   -0.0923932    0.0505277    0.0246531 
19       0.0077112    0.0006736    0.0004184    0.0000008   -0.0000013   -0.0000005 
20       0.0006737    0.0055883    0.0001215    0.0000004   -0.0000011   -0.0000004 
21       0.0163641    0.0047541   -0.0031216    0.1666485   -0.3577983   -0.1118628 
22       0.0000411    0.0000036    0.0000022    0.0000003   -0.0000000   -0.0000000 
23       0.0000036    0.0000298    0.0000006   -0.0000002   -0.0000000    0.0000000 
24       0.0001174    0.0000341   -0.0000239    0.0015391   -0.0023198   -0.0007842 
25       0.0001021   -0.0000610    0.0000045    0.0000004    0.0000001   -0.0000000 
26      -0.0000270   -0.0002237   -0.0000049    0.0000001    0.0000001    0.0000000 
27      -0.0005563   -0.0001616    0.0001344   -0.0122619    0.0073930    0.0034455 
28      -0.0003087   -0.0000270   -0.0000167   -0.0000002    0.0000001    0.0000000 
29       0.0001072    0.0000887    0.0000070    0.0000001    0.0000000   -0.0000000 
                19           20           21           22           23           24 
1       -0.0070070   -0.0285259   -0.0334431   -0.0000374   -0.0001520   -0.0002294 
2        0.0004099    0.0016683    0.0099631    0.0000022    0.0000089    0.0000702 
3        0.0055357    0.0005825   -0.0040650    0.0000295    0.0000031   -0.0000292 
4        0.0005824    0.0077638   -0.0165488    0.0000031    0.0000414   -0.0001188 
5       -0.0001040   -0.0004231   -0.0031215   -0.0000006   -0.0000023   -0.0000239 
6       -0.0212009    0.0203307   -0.0334424   -0.0001130    0.0001084   -0.0002294 
7        0.0012398   -0.0011889    0.0099630    0.0000066   -0.0000063    0.0000702 
8        0.0067022   -0.0012560   -0.0122992    0.0000357   -0.0000067   -0.0000883 
9       -0.0012558    0.0065970    0.0117945   -0.0000067    0.0000352    0.0000846 
10      -0.0003146    0.0003016   -0.0031214   -0.0000017    0.0000016   -0.0000239 
11       0.0282075    0.0081948   -0.0334433    0.0001503    0.0000437   -0.0002294 
12      -0.0016496   -0.0004793    0.0099631   -0.0000088   -0.0000026    0.0000702 
13       0.0077112    0.0006737    0.0163641    0.0000411    0.0000036    0.0001174 
14       0.0006736    0.0055883    0.0047541    0.0000036    0.0000298    0.0000341 
15       0.0004184    0.0001215   -0.0031216    0.0000022    0.0000006   -0.0000239 
16       0.0000008    0.0000004    0.1666485    0.0000003   -0.0000002    0.0015391 
17      -0.0000013   -0.0000011   -0.3577983   -0.0000000   -0.0000000   -0.0023198 
18      -0.0000005   -0.0000004   -0.1118628   -0.0000000    0.0000000   -0.0007842 
19       0.9775347   -0.0000001   -0.0000012    0.0052098    0.0000001    0.0000000 
20      -0.0000001    0.9775348   -0.0000014    0.0000001    0.0052099    0.0000000 
21      -0.0000012   -0.0000014    0.6149125    0.0000001   -0.0000001    0.0041534 
22       0.0052098    0.0000001    0.0000001    0.0000278    0.0000000    0.0000000 
23       0.0000001    0.0052099   -0.0000001    0.0000000    0.0000278   -0.0000000 
24       0.0000000    0.0000000    0.0041534    0.0000000   -0.0000000    0.0000282 
25       0.0140191   -0.0123602    0.0000000    0.0000747   -0.0000659   -0.0000000 
26      -0.0000002   -0.0391378   -0.0000000   -0.0000000   -0.0002086   -0.0000000 
27       0.0000002    0.0000001   -0.0159106   -0.0000000    0.0000000   -0.0001111 
28      -0.0391379   -0.0000002   -0.0000000   -0.0002086   -0.0000000   -0.0000000 
29       0.0123599    0.0140196   -0.0000001    0.0000659    0.0000747    0.0000000 
                25           26           27           28           29 
1        0.0002602    0.0011421    0.0009321    0.0002806   -0.0004977 
2       -0.0000152   -0.0000668   -0.0003145   -0.0000164    0.0000291 
3        0.0000720   -0.0000233    0.0001382   -0.0002216    0.0000783 
4       -0.0000898   -0.0003108    0.0005626   -0.0000233    0.0001187 
5        0.0000039    0.0000169    0.0001344    0.0000042   -0.0000074 
6       -0.0005611   -0.0008140    0.0009321    0.0008488    0.0000235 
7        0.0000328    0.0000476   -0.0003145   -0.0000496   -0.0000014 
8        0.0001120    0.0000503    0.0004181   -0.0002683    0.0000667 
9       -0.0001014   -0.0002641   -0.0004009    0.0000503    0.0000787 
10      -0.0000083   -0.0000121    0.0001344    0.0000126    0.0000003 
11       0.0003009   -0.0003281    0.0009322   -0.0011293    0.0004742 
12      -0.0000176    0.0000192   -0.0003145    0.0000660   -0.0000277 
13       0.0001021   -0.0000270   -0.0005563   -0.0003087    0.0001072 
14      -0.0000610   -0.0002237   -0.0001616   -0.0000270    0.0000887 
15       0.0000045   -0.0000049    0.0001344   -0.0000167    0.0000070 
16       0.0000004    0.0000001   -0.0122619   -0.0000002    0.0000001 
17       0.0000001    0.0000001    0.0073930    0.0000001    0.0000000 
18      -0.0000000    0.0000000    0.0034455    0.0000000   -0.0000000 
19       0.0140191   -0.0000002    0.0000002   -0.0391379    0.0123599 
20      -0.0123602   -0.0391378    0.0000001   -0.0000002    0.0140196 
21       0.0000000   -0.0000000   -0.0159106   -0.0000000   -0.0000001 
22       0.0000747   -0.0000000   -0.0000000   -0.0002086    0.0000659 
23      -0.0000659   -0.0002086    0.0000000   -0.0000000    0.0000747 
24      -0.0000000   -0.0000000   -0.0001111   -0.0000000    0.0000000 
25       0.0003573    0.0004949   -0.0000000   -0.0005613   -0.0000000 
26       0.0004949    0.0015670   -0.0000000    0.0000000   -0.0005613 
27      -0.0000000   -0.0000000    0.0004823   -0.0000000    0.0000000 
28      -0.0005613    0.0000000   -0.0000000    0.0015670   -0.0004949 
29      -0.0000000   -0.0005613    0.0000000   -0.0004949    0.0003573 
