%global_infor
multi_threads  true
print_timing   false
%end

%molecule
0 1
He       0.000000     0.000000     0.00000
He       0.000000     0.000000     1.00000
%end

%basis
 He 0 
 S    3 1.00 
  0.9812430000D+02  0.2874520000D-01
  0.1476890000D+02  0.2080610000D+00
  0.3318830000D+01  0.8376350000D+00
 SP    2 1.00 
  0.0750000000D+00  0.1000000000D+01   0.1000000000D+01
  0.1750000000D+00  0.1000000000D+01   0.1000000000D+01
 P    2 1.00 
  0.3750000000D+00  0.1000000000D+01
  0.4750000000D+00  0.1000000000D+01
 D    2 1.00   C 
  0.3850000000D+00  0.1000000000D+01
  0.5750000000D+00  0.1000000000D+01
 F    2 1.00   C 
  0.1850000000D+00  0.1000000000D+01
  0.0750000000D+00  0.1000000000D+01
%end


%molecule
0 3
O       0.000000     0.000000     0.00000
O       0.000000     0.000000     1.60000
%end

%basis
O     0 
S   8   1.00
  15330.0000000              0.0005080        
   2299.0000000              0.0039290        
    522.4000000              0.0202430        
    147.3000000              0.0791810        
     47.5500000              0.2306870        
     16.7600000              0.4331180        
      6.2070000              0.3502600        
      0.6882000             -0.0081540        
SP  2   1.00 
  0.0750000000D+00           0.1000000000D+01   0.1000000000D+01
  0.1750000000D+00           0.1000000000D+01   0.1000000000D+01
P   3   1.00
     34.4600000              0.0159280        
      7.7490000              0.0997400        
      2.2800000              0.3104920        
D   1   1.00
      0.6450000              1.0000000        
F   1   1.00
      1.4280000              1.0000000        
%end

