100001002002  0             2    2    1    100
100001100003  0             3    100  1    100
1002002004    0             4    2    2    1  
1000001       0             1    0    1    0  
3004004004    99860         4    4    4    3  
1001004       0             4    1    1    0  
2003003004    0             4    3    3    2  
100003        0             3    100  0    0  
100001100002  0             2    100  1    100
2003002004    0             4    2    3    2  
100002001003  0             3    1    2    100
100001003003  0             3    3    1    100
3100003       0             3    100  3    0  
2002001004    0             4    1    2    2  
2003          0             3    2    0    0  
1003001004    0             4    1    3    1  
1003003       0             3    3    1    0  
1004          0             4    1    0    0  
1001000004    0             4    0    1    1  
2003003003    0             3    3    3    2  
3             0             3    0    0    0  
1001003004    0             4    3    1    1  
100           0             100  0    0    0  
4002003       0             3    2    4    0  
100100100003  0             3    100  100  100
2000002       0             2    0    2    0  
2001004       0             4    1    2    0  
100100001002  0             2    1    100  100
100100002002  0             2    2    100  100
1001002002    0             2    2    1    1  
100001002003  0             3    2    1    100
100100000003  0             3    0    100  100
100001001001  0             1    1    1    100
4004          0             4    4    0    0  
1001004004    0             4    4    1    1  
100001001002  0             2    1    1    100
4004004004    271982        4    4    4    4  
2003003       0             3    3    2    0  
100002100002  0             2    100  2    100
2004004004    46090         4    4    4    2  
1000002       0             2    0    1    0  
4003004       0             4    3    4    0  
1002001003    0             3    1    2    1  
1003002002    0             2    2    3    1  
1002003       0             3    2    1    0  
1001001       0             1    1    1    0  
1             0             1    0    0    0  
100100001     0             1    100  100  0  
1004001004    0             4    1    4    1  
1001002       0             2    1    1    0  
2100100       0             100  100  2    0  
1003003003    0             3    3    3    1  
1001100002    0             2    100  1    1  
3000003       0             3    0    3    0  
100002002     0             2    2    100  0  
0             0             0    0    0    0  
2001003       0             3    1    2    0  
1002003003    0             3    3    2    1  
3001002       0             2    1    3    0  
2001002       0             2    1    2    0  
100001001     0             1    1    100  0  
2100003       0             3    100  2    0  
1100002       0             2    100  1    0  
1002002003    0             3    2    2    1  
3002004       0             4    2    3    0  
100001        0             1    100  0    0  
100001000003  0             3    0    1    100
1001003       0             3    1    1    0  
100003002002  0             2    2    3    100
100002        0             2    100  0    0  
3003          0             3    3    0    0  
100100100001  0             1    100  100  100
3003003003    0             3    3    3    3  
4             0             4    0    0    0  
2             0             2    0    0    0  
1001001001    0             1    1    1    1  
1002100003    0             3    100  2    1  
3002003       0             3    2    3    0  
2100002       0             2    100  2    0  
1003001003    0             3    1    3    1  
1001003003    0             3    3    1    1  
1003002004    0             4    2    3    1  
3003004004    51630         4    4    3    3  
1002000004    0             4    0    2    1  
1002          0             2    1    0    0  
100002100003  0             3    100  2    100
1002003004    0             4    3    2    1  
100003001003  0             3    1    3    100
100100        0             100  100  0    0  
2002002       0             2    2    2    0  
2000004       0             4    0    2    0  
100100100     0             100  100  100  0  
2004003004    9000          4    3    4    2  
2004004       0             4    4    2    0  
3002002       0             2    2    3    0  
2002004004    0             4    4    2    2  
1001002004    0             4    2    1    1  
3004          0             4    3    0    0  
2004          0             4    2    0    0  
4002002       0             2    2    4    0  
100002003     0             3    2    100  0  
100003002003  0             3    2    3    100
100003100003  0             3    100  3    100
2002003       0             3    2    2    0  
1002001002    0             2    1    2    1  
2002004       0             4    2    2    0  
2002002004    0             4    2    2    2  
4000004       0             4    0    4    0  
100003003     0             3    3    100  0  
100001001003  0             3    1    1    100
100100001003  0             3    1    100  100
4002004       0             4    2    4    0  
1001002003    0             3    2    1    1  
1004002003    0             3    2    4    1  
100001100001  0             1    100  1    100
2003004004    8700          4    4    3    2  
100002001002  0             2    1    2    100
2002002002    0             2    2    2    2  
3004004       0             4    4    3    0  
100000001     0             1    0    100  0  
2003004       0             4    3    2    0  
1001001003    0             3    1    1    1  
1004004004    0             4    4    4    1  
2001001       0             1    1    2    0  
1004002004    0             4    2    4    1  
1100003       0             3    100  1    0  
1002004004    0             4    4    2    1  
1004003004    0             4    3    4    1  
100100100100  0             100  100  100  100
2003002003    0             3    2    3    2  
100000002     0             2    0    100  0  
1002002002    0             2    2    2    1  
100003003003  0             3    3    3    100
100100001001  0             1    1    100  100
100002002003  0             3    2    2    100
100000100     0             100  0    100  0  
100000003     0             3    0    100  0  
1004003003    0             3    3    4    1  
2000003       0             3    0    2    0  
100100002003  0             3    2    100  100
2004002004    0             4    2    4    2  
4001004       0             4    1    4    0  
1000004       0             4    0    1    0  
3003003004    10000         4    3    3    3  
3001003       0             3    1    3    0  
1003003004    0             4    3    3    1  
4001003       0             3    1    4    0  
1003004       0             4    3    1    0  
1002002       0             2    2    1    0  
1001000003    0             3    0    1    1  
4003003       0             3    3    4    0  
100100003003  0             3    3    100  100
1100001       0             1    100  1    0  
4004004       0             4    4    4    0  
2100001       0             1    100  2    0  
100002002002  0             2    2    2    100
2002003003    0             3    3    2    2  
100100002     0             2    100  100  0  
100002003003  0             3    3    2    100
3004003004    25000         4    3    4    3  
2002          0             2    2    0    0  
100001002     0             2    1    100  0  
1001100003    0             3    100  1    1  
2002002003    0             3    2    2    2  
3001004       0             4    1    3    0  
3003004       0             4    3    3    0  
100100100002  0             2    100  100  100
2004003003    0             3    3    4    2  
1001001002    0             2    1    1    1  
1002001004    0             4    1    2    1  
3000004       0             4    0    3    0  
1003          0             3    1    0    0  
100001003     0             3    1    100  0  
1001          0             1    1    0    0  
100100003     0             3    100  100  0  
3003003       0             3    3    3    0  
1003004004    0             4    4    3    1  
1100100       0             100  100  1    0  
1002004       0             4    2    1    0  
3100002       0             2    100  3    0  
2002003004    0             4    3    2    2  
1004004       0             4    4    1    0  
1003002003    0             3    2    3    1  
1001001004    0             4    1    1    1  
1000003       0             3    0    1    0  
