100002002002  37993         2    2    2    100
100001100002  0             2    100  1    100
0             0             0    0    0    0  
2100001       0             1    100  2    0  
3003003       39008         3    3    3    0  
2100003       0             3    100  2    0  
3001003       0             3    1    3    0  
2002002003    132396        3    2    2    2  
100000100     0             100  0    100  0  
100001002002  0             2    2    1    100
3000003       0             3    0    3    0  
1001          0             1    1    0    0  
3002002       0             2    2    3    0  
100003        0             3    100  0    0  
1002002003    45603         3    2    2    1  
1003002003    98519         3    2    3    1  
100100000003  0             3    0    100  100
1003          0             3    1    0    0  
100002003     0             3    2    100  0  
3002003       0             3    2    3    0  
2100100       0             100  100  2    0  
1100100       0             100  100  1    0  
100100002     0             2    100  100  0  
100001001002  0             2    1    1    100
1001002002    0             2    2    1    1  
2003002003    193759        3    2    3    2  
1001100002    0             2    100  1    1  
2000002       0             2    0    2    0  
1002001002    0             2    1    2    1  
100           0             100  0    0    0  
1002002       0             2    2    1    0  
100002002003  58614         3    2    2    100
3003          0             3    3    0    0  
1002          0             2    1    0    0  
100002003003  125284        3    3    2    100
2100002       0             2    100  2    0  
100003003     0             3    3    100  0  
2001001       0             1    1    2    0  
1003003003    173735        3    3    3    1  
100002100002  0             2    100  2    100
100100003003  91107         3    3    100  100
1000002       0             2    0    1    0  
2001002       0             2    1    2    0  
1100001       0             1    100  1    0  
1000003       0             3    0    1    0  
100003001003  50444         3    1    3    100
100100001003  0             3    1    100  100
1000001       0             1    0    1    0  
2003          0             3    2    0    0  
100100002002  16048         2    2    100  100
1001001003    0             3    1    1    1  
1             0             1    0    0    0  
3003003003    795761        3    3    3    3  
1001001001    0             1    1    1    1  
1001003003    39459         3    3    1    1  
3001002       0             2    1    3    0  
100100100003  0             3    100  100  100
100001100001  0             1    100  1    100
2002003003    233960        3    3    2    2  
100100        0             100  100  0    0  
100001003     0             3    1    100  0  
2             0             2    0    0    0  
100001003003  50956         3    3    1    100
100001        0             1    100  0    0  
3100003       0             3    100  3    0  
100000001     0             1    0    100  0  
100001000003  0             3    0    1    100
1100003       0             3    100  1    0  
2003003       14386         3    3    2    0  
2001003       0             3    1    2    0  
1002003003    105844        3    3    2    1  
100000003     0             3    0    100  0  
1003001003    22809         3    1    3    1  
100100100002  0             2    100  100  100
1001003       0             3    1    1    0  
2002003       0             3    2    2    0  
1002003       0             3    2    1    0  
1001002003    0             3    2    1    1  
100100001001  0             1    1    100  100
2003003003    367010        3    3    3    2  
100001002     0             2    1    100  0  
1002002002    16254         2    2    2    1  
100001100003  0             3    100  1    100
100001001001  0             1    1    1    100
100100100001  0             1    100  100  100
1002001003    0             3    1    2    1  
3             0             3    0    0    0  
100001002003  18652         3    2    1    100
100003003003  204973        3    3    3    100
1001002       0             2    1    1    0  
100002100003  26192         3    100  2    100
100100003     0             3    100  100  0  
2002002002    77610         2    2    2    2  
100100100100  0             100  100  100  100
1001000003    0             3    0    1    1  
100000002     0             2    0    100  0  
3100002       0             2    100  3    0  
100002001003  18652         3    1    2    100
1003003       0             3    3    1    0  
100100100     0             100  100  100  0  
2002002       0             2    2    2    0  
100100002003  44414         3    2    100  100
1001001       0             1    1    1    0  
1002100003    19644         3    100  2    1  
1001100003    0             3    100  1    1  
100100001002  0             2    1    100  100
1100002       0             2    100  1    0  
100002001002  0             2    1    2    100
100100001     0             1    100  100  0  
100001001003  0             3    1    1    100
100001001     0             1    1    100  0  
1001001002    0             2    1    1    1  
100003002003  127408        3    2    3    100
1003002002    45603         2    2    3    1  
100002002     0             2    2    100  0  
100003100003  93215         3    100  3    100
2000003       0             3    0    2    0  
100002        0             2    100  0    0  
2002          0             2    2    0    0  
100003002002  83701         2    2    3    100
