%global_infor
multi_threads        true
print_timing         false
%end

# 
#  C60
#
%molecule
0 1
C          0.00000        1.23630        3.32754
C         -1.17579        0.38204        3.32754
C         -0.72668       -1.00019        3.32754
C          0.72668       -1.00019        3.32754
C          1.17579        0.38204        3.32754
C          2.30474        0.74886        2.59390
C          3.03142       -0.25133        1.82983
C          2.60020       -1.57849        1.82983
C          1.42441       -1.96053        2.59390
C          0.69773       -2.96072        1.82983
C         -0.69773       -2.96072        1.82983
C         -1.42441       -1.96053        2.59390
C         -2.60020       -1.57849        1.82983
C         -3.03142       -0.25133        1.82983
C         -2.30474        0.74886        2.59390
C         -2.30474        1.98516        1.82983
C         -3.03142        1.74904        0.59352
C         -3.48053        0.36682        0.59352
C         -3.48053       -0.36682       -0.59352
C         -3.03142       -1.74904       -0.59352
C         -2.60020       -2.34257        0.59352
C         -1.42441       -3.19683        0.59352
C         -0.72668       -3.42354       -0.59352
C          0.72668       -3.42354       -0.59352
C          1.42441       -3.19683        0.59352
C          2.60020       -2.34257        0.59352
C          3.03142       -1.74904       -0.59352
C          3.48053       -0.36682       -0.59352
C          3.48053        0.36682        0.59352
C          3.03142        1.74904        0.59352
C          2.60020        2.34257       -0.59352
C          2.60020        1.57849       -1.82983
C          3.03142        0.25133       -1.82983
C          2.30474       -0.74886       -2.59390
C          2.30474       -1.98516       -1.82983
C          1.17579       -2.80539       -1.82983
C          0.00000       -2.42335       -2.59390
C         -1.17579       -2.80539       -1.82983
C         -2.30474       -1.98516       -1.82983
C         -2.30474       -0.74886       -2.59390
C         -3.03142        0.25133       -1.82983
C         -2.60020        1.57849       -1.82983
C         -2.60020        2.34257       -0.59352
C         -1.42441        3.19683       -0.59352
C         -0.69773        2.96072       -1.82983
C         -1.42441        1.96053       -2.59390
C         -0.72668        1.00019       -3.32754
C         -1.17579       -0.38204       -3.32754
C          0.00000       -1.23630       -3.32754
C          1.17579       -0.38204       -3.32754
C          0.72668        1.00019       -3.32754
C          1.42441        1.96053       -2.59390
C          0.69773        2.96072       -1.82983
C          1.42441        3.19683       -0.59352
C          0.72668        3.42354        0.59352
C         -0.72668        3.42354        0.59352
C         -1.17579        2.80539        1.82983
C          0.00000        2.42335        2.59390
C          1.17579        2.80539        1.82983
C          2.30474        1.98516        1.82983
%end

# this is CC-PVDZ
%basis
C     0 
S   8   1.00
   6665.0000000              0.0006920        
   1000.0000000              0.0053290        
    228.0000000              0.0270770        
     64.7100000              0.1017180        
     21.0600000              0.2747400        
      7.4950000              0.4485640        
      2.7970000              0.2850740        
      0.5215000              0.0152040        
S   8   1.00
   6665.0000000             -0.0001460        
   1000.0000000             -0.0011540        
    228.0000000             -0.0057250        
     64.7100000             -0.0233120        
     21.0600000             -0.0639550        
      7.4950000             -0.1499810        
      2.7970000             -0.1272620        
      0.5215000              0.5445290        
S   1   1.00
      0.1596000              1.0000000        
P   3   1.00
      9.4390000              0.0381090        
      2.0020000              0.2094800        
      0.5456000              0.5085570        
P   1   1.00
      0.1517000              1.0000000        
D   1   1.00
      0.5500000              1.0000000        
%end

%xcfunc
name = PBEX  PBEC
%end

%xcints
threshold     1.0E-12
grid_points   SG1
%end

# 
#C60
#
%molecule
0 1
C          0.00000        1.23630        3.32754
C         -1.17579        0.38204        3.32754
C         -0.72668       -1.00019        3.32754
C          0.72668       -1.00019        3.32754
C          1.17579        0.38204        3.32754
C          2.30474        0.74886        2.59390
C          3.03142       -0.25133        1.82983
C          2.60020       -1.57849        1.82983
C          1.42441       -1.96053        2.59390
C          0.69773       -2.96072        1.82983
C         -0.69773       -2.96072        1.82983
C         -1.42441       -1.96053        2.59390
C         -2.60020       -1.57849        1.82983
C         -3.03142       -0.25133        1.82983
C         -2.30474        0.74886        2.59390
C         -2.30474        1.98516        1.82983
C         -3.03142        1.74904        0.59352
C         -3.48053        0.36682        0.59352
C         -3.48053       -0.36682       -0.59352
C         -3.03142       -1.74904       -0.59352
C         -2.60020       -2.34257        0.59352
C         -1.42441       -3.19683        0.59352
C         -0.72668       -3.42354       -0.59352
C          0.72668       -3.42354       -0.59352
C          1.42441       -3.19683        0.59352
C          2.60020       -2.34257        0.59352
C          3.03142       -1.74904       -0.59352
C          3.48053       -0.36682       -0.59352
C          3.48053        0.36682        0.59352
C          3.03142        1.74904        0.59352
C          2.60020        2.34257       -0.59352
C          2.60020        1.57849       -1.82983
C          3.03142        0.25133       -1.82983
C          2.30474       -0.74886       -2.59390
C          2.30474       -1.98516       -1.82983
C          1.17579       -2.80539       -1.82983
C          0.00000       -2.42335       -2.59390
C         -1.17579       -2.80539       -1.82983
C         -2.30474       -1.98516       -1.82983
C         -2.30474       -0.74886       -2.59390
C         -3.03142        0.25133       -1.82983
C         -2.60020        1.57849       -1.82983
C         -2.60020        2.34257       -0.59352
C         -1.42441        3.19683       -0.59352
C         -0.69773        2.96072       -1.82983
C         -1.42441        1.96053       -2.59390
C         -0.72668        1.00019       -3.32754
C         -1.17579       -0.38204       -3.32754
C          0.00000       -1.23630       -3.32754
C          1.17579       -0.38204       -3.32754
C          0.72668        1.00019       -3.32754
C          1.42441        1.96053       -2.59390
C          0.69773        2.96072       -1.82983
C          1.42441        3.19683       -0.59352
C          0.72668        3.42354        0.59352
C         -0.72668        3.42354        0.59352
C         -1.17579        2.80539        1.82983
C          0.00000        2.42335        2.59390
C          1.17579        2.80539        1.82983
C          2.30474        1.98516        1.82983
%end

# this is CC-PVTZ
%basis
C     0 
S   8   1.00
   8236.0000000              0.0005310        
   1235.0000000              0.0041080        
    280.8000000              0.0210870        
     79.2700000              0.0818530        
     25.5900000              0.2348170        
      8.9970000              0.4344010        
      3.3190000              0.3461290        
      0.3643000             -0.0089830        
S   8   1.00
   8236.0000000             -0.0001130        
   1235.0000000             -0.0008780        
    280.8000000             -0.0045400        
     79.2700000             -0.0181330        
     25.5900000             -0.0557600        
      8.9970000             -0.1268950        
      3.3190000             -0.1703520        
      0.3643000              0.5986840        
S   1   1.00
      0.9059000              1.0000000        
S   1   1.00
      0.1285000              1.0000000        
P   3   1.00
     18.7100000              0.0140310        
      4.1330000              0.0868660        
      1.2000000              0.2902160        
P   1   1.00
      0.3827000              1.0000000        
P   1   1.00
      0.1209000              1.0000000        
D   1   1.00
      1.0970000              1.0000000        
D   1   1.00
      0.3180000              1.0000000        
F   1   1.00
      0.7610000              1.0000000        
%end

%xcfunc
name = PBEX  PBEC
%end

%xcints
threshold     1.0E-12
grid_points   SG1
%end

