%global_infor
multi_threads  true
print_timing   false
%end

# the number of atoms is: 103
%molecule
0   1
N          0.00000        0.00000        0.00000
C          1.45575        0.00000        0.00000
C          1.93014        0.00000        1.46272
O          2.88752       -0.66100        1.86121
H         -0.49504        0.09131        0.88304
H          1.79904       -0.92563       -0.47632
C          2.00953        1.20831       -0.74597
H          1.65734        1.23008       -1.78241
H          1.69535        2.14318       -0.26849
H          3.10448        1.19727       -0.76330
H         -0.50800        0.07669       -0.87653
N          1.29123        0.74594        2.37429
C          1.74020        0.74577        3.75907
C          1.64473       -0.69476        4.28856
O          2.49333       -1.20213        5.01981
H          0.90705       -0.10775        1.97834
H          2.79193        1.05399        3.77901
C          0.90239        1.69025        4.61298
H          0.94469        2.71476        4.22916
H         -0.14921        1.38249        4.62362
H          1.25329        1.70527        5.65028
N          0.59821       -1.46280        3.95611
C          0.50794       -2.82660        4.45720
C          1.74042       -3.59830        3.95714
O          2.35657       -4.40667        4.64937
H          1.34489       -1.22114        3.31018
H          0.54027       -2.79281        5.55234
C         -0.77638       -3.50334        3.99277
H         -1.65962       -2.94737        4.32367
H         -0.81416       -3.56716        2.89952
H         -0.85370       -4.52230        4.38659
N          2.19210       -3.40422        2.71058
C          3.35902       -4.13461        2.23725
C          4.54470       -3.77637        3.14852
O          5.37757       -4.59859        3.52611
H          2.30278       -2.72622        3.45972
H          3.15630       -5.20724        2.33683
C          3.67364       -3.79467        0.78515
H          2.82571       -4.02385        0.13153
H          3.90249       -2.72913        0.67136
H          4.53923       -4.35952        0.42316
N          4.70825       -2.51510        3.57047
C          5.83060       -2.17600        4.43334
C          5.71006       -3.01131        5.71876
O          6.67475       -3.52610        6.28148
H          3.98342       -3.13507        3.92175
H          6.75643       -2.46040        3.92003
C          5.84922       -0.68696        4.75823
H          5.91044       -0.08300        3.84707
H          4.94043       -0.38981        5.29348
H          6.70516       -0.42871        5.39070
N          4.50922       -3.20774        6.28001
C          4.39507       -3.99870        7.49679
C          4.92792       -5.40969        7.19714
O          5.61467       -6.05339        7.98852
H          4.80838       -3.66130        5.42098
H          5.03188       -3.54271        8.26365
C          2.95221       -4.05996        7.98416
H          2.55592       -3.05774        8.17711
H          2.30508       -4.53534        7.23855
H          2.86972       -4.63804        8.91063
N          4.64880       -5.99638        6.02518
C          5.15341       -7.33206        5.74142
C          6.68907       -7.28217        5.80368
O          7.37307       -8.17343        6.30375
H          5.30795       -5.22925        6.12605
H          4.79589       -8.00812        6.52669
C          4.68524       -7.82249        4.37634
H          3.59226       -7.83835        4.31411
H          5.05423       -7.17074        3.57650
H          5.04819       -8.83530        4.17183
N          7.34632       -6.22993        5.29730
C          8.80009       -6.18259        5.35644
C          9.21667       -6.23542        6.83572
O         10.17988       -6.88281        7.24240
H          6.81430       -6.19607        6.16272
H          9.19333       -7.07334        4.85299
C          9.34077       -4.92343        4.68912
H          9.02882       -4.86477        3.64128
H          8.97624       -4.02256        5.19533
H         10.43529       -4.89803        4.71581
N          8.51737       -5.55400        7.75346
C          8.91161       -5.60419        9.15390
C          8.84506       -7.07020        9.61323
O          9.68136       -7.58328       10.35460
H          8.17851       -6.40032        7.30394
H          9.95055       -5.26319        9.23050
C          8.00911       -4.72832       10.01500
H          8.03117       -3.68619        9.68005
H          6.96910       -5.07028        9.96895
H          8.31847       -4.75032       11.06531
N          7.83934       -7.85551        9.20407
C          7.77645       -9.24343        9.63874
C          9.05332       -9.95046        9.15470
O          9.66935      -10.76979        9.83403
H          8.60195       -7.55983        8.60063
H          7.76478       -9.25973       10.73470
C          6.53527       -9.93916        9.09232
H          5.62120       -9.42825        9.41193
H          6.54246       -9.95309        7.99667
H          6.47767      -10.97736        9.43608
O          9.49239       -9.63250        7.91723
H          8.95939       -8.92360        7.32946
%end


# this is the standard 6-31G** basis set data
%basis
H     0 
S   3   1.00
     18.7311370              0.03349460       
      2.8253937              0.23472695       
      0.6401217              0.81375733       
S   1   1.00
      0.1612778              1.0000000        
P   1   1.00
      1.1000000              1.0000000        
****
C     0 
S   6   1.00
   3047.5249000              0.0018347        
    457.3695100              0.0140373        
    103.9486900              0.0688426        
     29.2101550              0.2321844        
      9.2866630              0.4679413        
      3.1639270              0.3623120        
SP   3   1.00
      7.8682724             -0.1193324              0.0689991        
      1.8812885             -0.1608542              0.3164240        
      0.5442493              1.1434564              0.7443083        
SP   1   1.00
      0.1687144              1.0000000              1.0000000        
D   1   1.00                 C
      0.8000000              1.0000000        
****
N     0 
S   6   1.00
   4173.5110000              0.0018348        
    627.4579000              0.0139950        
    142.9021000              0.0685870        
     40.2343300              0.2322410        
     12.8202100              0.4690700        
      4.3904370              0.3604550        
SP   3   1.00
     11.6263580             -0.1149610              0.0675800        
      2.7162800             -0.1691180              0.3239070        
      0.7722180              1.1458520              0.7408950        
SP   1   1.00
      0.2120313              1.0000000              1.0000000        
D   1   1.00                 C
      0.8000000              1.0000000        
****
O     0 
S   6   1.00
   5484.6717000              0.0018311        
    825.2349500              0.0139501        
    188.0469600              0.0684451        
     52.9645000              0.2327143        
     16.8975700              0.4701930        
      5.7996353              0.3585209        
SP   3   1.00
     15.5396160             -0.1107775              0.0708743        
      3.5999336             -0.1480263              0.3397528        
      1.0137618              1.1307670              0.7271586        
SP   1   1.00
      0.2700058              1.0000000              1.0000000        
D   1   1.00                 C
      0.8000000              1.0000000        
%end



%xcfunc
name    B05 
%end

%scf
max_scf_cycles = 1
scf_convergence  = 1.0E-8
scf_guess = read
guess_mo_path = mo_631g
%end

%scfintscontroller
integral_controller_option  NO_CONTROLLER
%end

%gints4d
shellpair_threshold_gints2d  1.0E-10
gints2d_threshold            1.0E-10
%end

%xcints
grid_points  50  194
batch_size  194
threshold   1.0e-12
#multi_threads_gints  true
%end

# the number of atoms is: 103
%molecule
0   1
N          0.00000        0.00000        0.00000
C          1.45575        0.00000        0.00000
C          1.93014        0.00000        1.46272
O          2.88752       -0.66100        1.86121
H         -0.49504        0.09131        0.88304
H          1.79904       -0.92563       -0.47632
C          2.00953        1.20831       -0.74597
H          1.65734        1.23008       -1.78241
H          1.69535        2.14318       -0.26849
H          3.10448        1.19727       -0.76330
H         -0.50800        0.07669       -0.87653
N          1.29123        0.74594        2.37429
C          1.74020        0.74577        3.75907
C          1.64473       -0.69476        4.28856
O          2.49333       -1.20213        5.01981
H          0.90705       -0.10775        1.97834
H          2.79193        1.05399        3.77901
C          0.90239        1.69025        4.61298
H          0.94469        2.71476        4.22916
H         -0.14921        1.38249        4.62362
H          1.25329        1.70527        5.65028
N          0.59821       -1.46280        3.95611
C          0.50794       -2.82660        4.45720
C          1.74042       -3.59830        3.95714
O          2.35657       -4.40667        4.64937
H          1.34489       -1.22114        3.31018
H          0.54027       -2.79281        5.55234
C         -0.77638       -3.50334        3.99277
H         -1.65962       -2.94737        4.32367
H         -0.81416       -3.56716        2.89952
H         -0.85370       -4.52230        4.38659
N          2.19210       -3.40422        2.71058
C          3.35902       -4.13461        2.23725
C          4.54470       -3.77637        3.14852
O          5.37757       -4.59859        3.52611
H          2.30278       -2.72622        3.45972
H          3.15630       -5.20724        2.33683
C          3.67364       -3.79467        0.78515
H          2.82571       -4.02385        0.13153
H          3.90249       -2.72913        0.67136
H          4.53923       -4.35952        0.42316
N          4.70825       -2.51510        3.57047
C          5.83060       -2.17600        4.43334
C          5.71006       -3.01131        5.71876
O          6.67475       -3.52610        6.28148
H          3.98342       -3.13507        3.92175
H          6.75643       -2.46040        3.92003
C          5.84922       -0.68696        4.75823
H          5.91044       -0.08300        3.84707
H          4.94043       -0.38981        5.29348
H          6.70516       -0.42871        5.39070
N          4.50922       -3.20774        6.28001
C          4.39507       -3.99870        7.49679
C          4.92792       -5.40969        7.19714
O          5.61467       -6.05339        7.98852
H          4.80838       -3.66130        5.42098
H          5.03188       -3.54271        8.26365
C          2.95221       -4.05996        7.98416
H          2.55592       -3.05774        8.17711
H          2.30508       -4.53534        7.23855
H          2.86972       -4.63804        8.91063
N          4.64880       -5.99638        6.02518
C          5.15341       -7.33206        5.74142
C          6.68907       -7.28217        5.80368
O          7.37307       -8.17343        6.30375
H          5.30795       -5.22925        6.12605
H          4.79589       -8.00812        6.52669
C          4.68524       -7.82249        4.37634
H          3.59226       -7.83835        4.31411
H          5.05423       -7.17074        3.57650
H          5.04819       -8.83530        4.17183
N          7.34632       -6.22993        5.29730
C          8.80009       -6.18259        5.35644
C          9.21667       -6.23542        6.83572
O         10.17988       -6.88281        7.24240
H          6.81430       -6.19607        6.16272
H          9.19333       -7.07334        4.85299
C          9.34077       -4.92343        4.68912
H          9.02882       -4.86477        3.64128
H          8.97624       -4.02256        5.19533
H         10.43529       -4.89803        4.71581
N          8.51737       -5.55400        7.75346
C          8.91161       -5.60419        9.15390
C          8.84506       -7.07020        9.61323
O          9.68136       -7.58328       10.35460
H          8.17851       -6.40032        7.30394
H          9.95055       -5.26319        9.23050
C          8.00911       -4.72832       10.01500
H          8.03117       -3.68619        9.68005
H          6.96910       -5.07028        9.96895
H          8.31847       -4.75032       11.06531
N          7.83934       -7.85551        9.20407
C          7.77645       -9.24343        9.63874
C          9.05332       -9.95046        9.15470
O          9.66935      -10.76979        9.83403
H          8.60195       -7.55983        8.60063
H          7.76478       -9.25973       10.73470
C          6.53527       -9.93916        9.09232
H          5.62120       -9.42825        9.41193
H          6.54246       -9.95309        7.99667
H          6.47767      -10.97736        9.43608
O          9.49239       -9.63250        7.91723
H          8.95939       -8.92360        7.32946
%end



# this is the standard cc-pvtz basis set data
%basis
H     0 
S   3   1.00
     33.8700000              0.0060680        
      5.0950000              0.0453080        
      1.1590000              0.2028220        
S   1   1.00
      0.3258000              1.0000000        
S   1   1.00
      0.1027000              1.0000000        
P   1   1.00
      1.4070000              1.0000000        
P   1   1.00
      0.3880000              1.0000000        
D   1   1.00
      1.0570000              1.0000000        
****
C     0 
S   8   1.00
   8236.0000000              0.0005310        
   1235.0000000              0.0041080        
    280.8000000              0.0210870        
     79.2700000              0.0818530        
     25.5900000              0.2348170        
      8.9970000              0.4344010        
      3.3190000              0.3461290        
      0.3643000             -0.0089830        
S   8   1.00
   8236.0000000             -0.0001130        
   1235.0000000             -0.0008780        
    280.8000000             -0.0045400        
     79.2700000             -0.0181330        
     25.5900000             -0.0557600        
      8.9970000             -0.1268950        
      3.3190000             -0.1703520        
      0.3643000              0.5986840        
S   1   1.00
      0.9059000              1.0000000        
S   1   1.00
      0.1285000              1.0000000        
P   3   1.00
     18.7100000              0.0140310        
      4.1330000              0.0868660        
      1.2000000              0.2902160        
P   1   1.00
      0.3827000              1.0000000        
P   1   1.00
      0.1209000              1.0000000        
D   1   1.00
      1.0970000              1.0000000        
D   1   1.00
      0.3180000              1.0000000        
F   1   1.00
      0.7610000              1.0000000        
****
N     0 
S   8   1.00
  11420.0000000              0.0005230        
   1712.0000000              0.0040450        
    389.3000000              0.0207750        
    110.0000000              0.0807270        
     35.5700000              0.2330740        
     12.5400000              0.4335010        
      4.6440000              0.3474720        
      0.5118000             -0.0085080        
S   8   1.00
  11420.0000000             -0.0001150        
   1712.0000000             -0.0008950        
    389.3000000             -0.0046240        
    110.0000000             -0.0185280        
     35.5700000             -0.0573390        
     12.5400000             -0.1320760        
      4.6440000             -0.1725100        
      0.5118000              0.5999440        
S   1   1.00
      1.2930000              1.0000000        
S   1   1.00
      0.1787000              1.0000000        
P   3   1.00
     26.6300000              0.0146700        
      5.9480000              0.0917640        
      1.7420000              0.2986830        
P   1   1.00
      0.5550000              1.0000000        
P   1   1.00
      0.1725000              1.0000000        
D   1   1.00
      1.6540000              1.0000000        
D   1   1.00
      0.4690000              1.0000000        
F   1   1.00
      1.0930000              1.0000000        
****
O     0 
S   8   1.00
  15330.0000000              0.0005080        
   2299.0000000              0.0039290        
    522.4000000              0.0202430        
    147.3000000              0.0791810        
     47.5500000              0.2306870        
     16.7600000              0.4331180        
      6.2070000              0.3502600        
      0.6882000             -0.0081540        
S   8   1.00
  15330.0000000             -0.0001150        
   2299.0000000             -0.0008950        
    522.4000000             -0.0046360        
    147.3000000             -0.0187240        
     47.5500000             -0.0584630        
     16.7600000             -0.1364630        
      6.2070000             -0.1757400        
      0.6882000              0.6034180        
S   1   1.00
      1.7520000              1.0000000        
S   1   1.00
      0.2384000              1.0000000        
P   3   1.00
     34.4600000              0.0159280        
      7.7490000              0.0997400        
      2.2800000              0.3104920        
P   1   1.00
      0.7156000              1.0000000        
P   1   1.00
      0.2140000              1.0000000        
D   1   1.00
      2.3140000              1.0000000        
D   1   1.00
      0.6450000              1.0000000        
F   1   1.00
      1.4280000              1.0000000        
%end

%xcfunc
name     B05
%end

%xcints
grid_points  50  194
batch_size  194
threshold   1.0e-12
#multi_threads_gints  true
%end

%scf
max_scf_cycles = 1
scf_guess = read
guess_mo_path = ./mo_ccpvtz
%end

%gints4d
shellpair_threshold_gints2d  1.0E-10
gints2d_threshold            1.0E-10
%end

%scfintscontroller
integral_controller_option  NO_CONTROLLER
%end
